0 4936.0
1 4892.0
2 4841.0
3 4798.0
4 4746.0
5 4692.0
6 4638.0
7 4593.0
8 4547.0
9 4491.0
10 4438.0
11 4368.0
12 4323.0
13 4283.0
14 4232.0
15 4170.0
16 4120.0
17 4074.0
18 4022.0
19 3963.0
20 3927.0
21 3867.0
22 3817.0
23 3764.0
24 3713.0
25 3657.0
26 3623.0
27 3586.0
28 3572.0
29 3536.0
30 3499.0
31 3459.0
32 3424.0
33 3399.0
34 3367.0
35 3339.0
36 3306.0
37 3275.0
38 3233.0
39 3215.0
40 3198.0
41 3194.0
42 3157.0
43 3136.0
44 3101.0
45 3032.0
46 3000.0
47 2990.0
48 2951.0
49 2917.0
50 2873.0
51 2848.0
52 2803.0
53 2786.0
54 2771.0
55 2741.0
56 2725.0
57 2696.0
58 2696.0
59 2669.0
60 2663.0
61 2672.0
62 2649.0
63 2615.0
64 2593.0
65 2587.0
66 2562.0
67 2547.0
68 2545.0
69 2522.0
70 2505.0
71 2504.0
72 2480.0
73 2451.0
74 2430.0
75 2412.0
76 2404.0
77 2386.0
78 2377.0
79 2376.0
80 2345.0
81 2327.0
82 2318.0
83 2301.0
84 2289.0
85 2266.0
86 2266.0
87 2278.0
88 2269.0
89 2228.0
90 2212.0
91 2180.0
92 2180.0
93 2147.0
94 2135.0
95 2116.0
96 2090.0
97 2099.0
98 2082.0
99 2065.0
100 2063.0
101 2074.0
102 2062.0
103 2048.0
104 2041.0
105 2018.0
106 1998.0
107 1985.0
108 1997.0
109 1982.0
110 1976.0
111 1962.0
112 1940.0
113 1943.0
114 1930.0
115 1930.0
116 1928.0
117 1927.0
118 1921.0
119 1921.0
120 1907.0
121 1905.0
122 1872.0
123 1864.0
124 1857.0
125 1840.0
126 1840.0
127 1830.0
128 1833.0
129 1825.0
130 1811.0
131 1809.0
132 1791.0
133 1785.0
134 1787.0
135 1767.0
136 1772.0
137 1750.0
138 1751.0
139 1756.0
140 1761.0
141 1756.0
142 1753.0
143 1738.0
144 1721.0
145 1717.0
146 1712.0
147 1715.0
148 1720.0
149 1721.0
150 1721.0
151 1735.0
152 1721.0
153 1699.0
154 1685.0
155 1685.0
156 1679.0
157 1688.0
158 1693.0
159 1691.0
160 1677.0
161 1680.0
162 1681.0
163 1683.0
164 1669.0
165 1682.0
166 1677.0
167 1655.0
168 1645.0
169 1652.0
170 1647.0
171 1654.0
172 1645.0
173 1647.0
174 1628.0
175 1619.0
176 1607.0
177 1593.0
178 1599.0
179 1599.0
180 1625.0
181 1626.0
182 1626.0
183 1626.0
184 1626.0
185 1647.0
186 1641.0
187 1631.0
188 1632.0
189 1632.0
190 1632.0
191 1643.0
192 1624.0
193 1608.0
194 1594.0
195 1581.0
196 1571.0
197 1563.0
198 1554.0
199 1561.0
200 1561.0
201 1551.0
202 1563.0
203 1541.0
204 1545.0
205 1538.0
206 1531.0
207 1525.0
208 1506.0
209 1496.0
210 1492.0
211 1479.0
212 1479.0
213 1479.0
214 1460.0
215 1443.0
216 1428.0
217 1436.0
218 1436.0
219 1428.0
220 1416.0
221 1409.0
222 1409.0
223 1400.0
224 1401.0
225 1396.0
226 1384.0
227 1385.0
228 1387.0
229 1370.0
230 1369.0
231 1368.0
232 1357.0
233 1348.0
234 1343.0
235 1346.0
236 1346.0
237 1346.0
238 1371.0
239 1353.0
240 1362.0
241 1362.0
242 1369.0
243 1369.0
244 1366.0
245 1355.0
246 1350.0
247 1350.0
248 1367.0
249 1367.0
250 1377.0
251 1381.0
252 1389.0
253 1386.0
254 1374.0
255 1365.0
256 1369.0
257 1369.0
258 1381.0
259 1383.0
260 1381.0
261 1382.0
262 1373.0
263 1364.0
264 1367.0
265 1350.0
266 1339.0
267 1326.0
268 1321.0
269 1301.0
270 1290.0
271 1285.0
272 1273.0
273 1281.0
274 1267.0
275 1258.0
276 1262.0
277 1274.0
278 1264.0
279 1264.0
280 1264.0
281 1264.0
282 1264.0
283 1279.0
284 1256.0
285 1252.0
286 1254.0
287 1254.0
288 1243.0
289 1243.0
290 1243.0
291 1243.0
292 1248.0
293 1247.0
294 1251.0
295 1251.0
296 1257.0
297 1262.0
298 1268.0
299 1258.0
300 1267.0
301 1264.0
302 1266.0
303 1266.0
304 1255.0
305 1245.0
306 1234.0
307 1231.0
308 1225.0
309 1208.0
310 1219.0
311 1230.0
312 1224.0
313 1224.0
314 1221.0
315 1222.0
316 1215.0
317 1210.0
318 1211.0
319 1212.0
320 1217.0
321 1217.0
322 1225.0
323 1218.0
324 1215.0
325 1221.0
326 1231.0
327 1235.0
328 1237.0
329 1231.0
330 1233.0
331 1230.0
332 1231.0
333 1231.0
334 1231.0
335 1237.0
336 1237.0
337 1237.0
338 1240.0
339 1240.0
340 1256.0
341 1256.0
342 1262.0
343 1259.0
344 1253.0
345 1250.0
346 1250.0
347 1259.0
348 1256.0
349 1256.0
350 1270.0
351 1270.0
352 1270.0
353 1290.0
354 1276.0
355 1268.0
356 1257.0
357 1255.0
358 1242.0
359 1231.0
360 1223.0
361 1223.0
362 1222.0
363 1218.0
364 1207.0
365 1201.0
366 1192.0
367 1192.0
368 1197.0
369 1197.0
370 1220.0
371 1220.0
372 1234.0
373 1234.0
374 1234.0
375 1234.0
376 1234.0
377 1234.0
378 1231.0
379 1231.0
380 1264.0
381 1257.0
382 1256.0
383 1257.0
384 1244.0
385 1251.0
386 1248.0
387 1249.0
388 1248.0
389 1248.0
390 1240.0
391 1244.0
392 1244.0
393 1251.0
394 1248.0
395 1235.0
396 1254.0
397 1234.0
398 1235.0
399 1236.0
400 1243.0
401 1246.0
402 1256.0
403 1244.0
404 1245.0
405 1252.0
406 1233.0
407 1219.0
408 1225.0
409 1230.0
410 1225.0
411 1221.0
412 1217.0
413 1213.0
414 1216.0
415 1207.0
416 1206.0
417 1206.0
418 1212.0
419 1202.0
420 1199.0
421 1196.0
422 1196.0
423 1218.0
424 1230.0
425 1234.0
426 1229.0
427 1221.0
428 1217.0
429 1209.0
430 1203.0
431 1198.0
432 1205.0
433 1204.0
434 1202.0
435 1195.0
436 1191.0
437 1191.0
438 1179.0
439 1191.0
440 1198.0
441 1187.0
442 1190.0
443 1193.0
444 1201.0
445 1203.0
446 1202.0
447 1215.0
448 1209.0
449 1206.0
450 1210.0
451 1215.0
452 1205.0
453 1197.0
454 1189.0
455 1186.0
456 1167.0
457 1164.0
458 1164.0
459 1165.0
460 1165.0
461 1167.0
462 1172.0
463 1163.0
464 1148.0
465 1151.0
466 1150.0
467 1150.0
468 1157.0
469 1162.0
470 1170.0
471 1174.0
472 1179.0
473 1179.0
474 1179.0
475 1181.0
476 1179.0
477 1181.0
478 1193.0
479 1190.0
480 1192.0
481 1192.0
482 1205.0
483 1215.0
484 1214.0
485 1209.0
486 1209.0
487 1209.0
488 1234.0
489 1232.0
490 1246.0
491 1242.0
492 1242.0
493 1237.0
494 1232.0
495 1222.0
496 1228.0
497 1228.0
498 1232.0
499 1237.0
500 1236.0
501 1246.0
502 1262.0
503 1276.0
504 1282.0
505 1282.0
506 1292.0
507 1293.0
508 1282.0
509 1274.0
510 1281.0
511 1282.0
512 1296.0
513 1284.0
514 1280.0
515 1280.0
516 1280.0
517 1303.0
518 1308.0
519 1307.0
520 1298.0
521 1298.0
522 1292.0
523 1296.0
524 1294.0
525 1294.0
526 1278.0
527 1283.0
528 1293.0
529 1290.0
530 1300.0
531 1295.0
532 1303.0
533 1308.0
534 1305.0
535 1315.0
536 1315.0
537 1316.0
538 1310.0
539 1316.0
540 1309.0
541 1307.0
542 1304.0
543 1301.0
544 1294.0
545 1297.0
546 1306.0
547 1312.0
548 1299.0
549 1304.0
550 1311.0
551 1311.0
552 1311.0
553 1323.0
554 1310.0
555 1306.0
556 1313.0
557 1305.0
558 1288.0
559 1280.0
560 1282.0
561 1282.0
562 1283.0
563 1270.0
564 1264.0
565 1263.0
566 1268.0
567 1254.0
568 1246.0
569 1242.0
570 1237.0
571 1229.0
572 1221.0
573 1228.0
574 1226.0
575 1226.0
576 1215.0
577 1213.0
578 1211.0
579 1213.0
580 1221.0
581 1226.0
582 1224.0
583 1212.0
584 1197.0
585 1198.0
586 1202.0
587 1198.0
588 1192.0
589 1192.0
590 1192.0
591 1211.0
592 1213.0
593 1213.0
594 1211.0
595 1201.0
596 1201.0
597 1194.0
598 1196.0
599 1180.0
600 1180.0
601 1187.0
602 1180.0
603 1182.0
604 1192.0
605 1177.0
606 1185.0
607 1189.0
608 1175.0
609 1168.0
610 1157.0
611 1153.0
612 1154.0
613 1161.0
614 1171.0
615 1186.0
616 1193.0
617 1196.0
618 1211.0
619 1205.0
620 1198.0
621 1201.0
622 1201.0
623 1201.0
624 1215.0
625 1218.0
626 1229.0
627 1226.0
628 1227.0
629 1227.0
630 1251.0
631 1251.0
632 1249.0
633 1246.0
634 1241.0
635 1242.0
636 1238.0
637 1247.0
638 1225.0
639 1230.0
640 1251.0
641 1238.0
642 1236.0
643 1240.0
644 1233.0
645 1233.0
646 1233.0
647 1237.0
648 1231.0
649 1222.0
650 1231.0
651 1236.0
652 1235.0
653 1222.0
654 1212.0
655 1195.0
656 1191.0
657 1191.0
658 1191.0
659 1200.0
660 1191.0
661 1200.0
662 1200.0
663 1200.0
664 1200.0
665 1200.0
666 1241.0
667 1246.0
668 1246.0
669 1246.0
670 1258.0
671 1235.0
672 1236.0
673 1239.0
674 1234.0
675 1232.0
676 1225.0
677 1225.0
678 1225.0
679 1225.0
680 1250.0
681 1260.0
682 1270.0
683 1272.0
684 1272.0
685 1277.0
686 1280.0
687 1285.0
688 1280.0
689 1283.0
690 1281.0
691 1284.0
692 1274.0
693 1278.0
694 1263.0
695 1258.0
696 1256.0
697 1256.0
698 1262.0
699 1259.0
700 1258.0
701 1243.0
702 1235.0
703 1239.0
704 1237.0
705 1228.0
706 1228.0
707 1205.0
708 1206.0
709 1207.0
710 1203.0
711 1211.0
712 1215.0
713 1203.0
714 1214.0
715 1209.0
716 1207.0
717 1202.0
718 1200.0
719 1200.0
720 1194.0
721 1203.0
722 1203.0
723 1203.0
724 1203.0
725 1203.0
726 1235.0
727 1236.0
728 1238.0
729 1237.0
730 1224.0
731 1222.0
732 1198.0
733 1201.0
734 1203.0
735 1201.0
736 1200.0
737 1188.0
738 1188.0
739 1188.0
740 1211.0
741 1215.0
742 1198.0
743 1204.0
744 1204.0
745 1204.0
746 1204.0
747 1212.0
748 1212.0
749 1227.0
750 1238.0
751 1238.0
752 1238.0
753 1257.0
754 1248.0
755 1226.0
756 1212.0
757 1204.0
758 1208.0
759 1207.0
760 1207.0
761 1207.0
762 1230.0
763 1214.0
764 1214.0
765 1230.0
766 1228.0
767 1209.0
768 1204.0
769 1203.0
770 1203.0
771 1203.0
772 1215.0
773 1215.0
774 1213.0
775 1221.0
776 1221.0
777 1225.0
778 1215.0
779 1211.0
780 1210.0
781 1198.0
782 1193.0
783 1190.0
784 1187.0
785 1172.0
786 1176.0
787 1165.0
788 1165.0
789 1165.0
790 1158.0
791 1152.0
792 1146.0
793 1144.0
794 1142.0
795 1139.0
796 1135.0
797 1136.0
798 1135.0
799 1129.0
800 1127.0
801 1120.0
802 1129.0
803 1147.0
804 1142.0
805 1152.0
806 1157.0
807 1147.0
808 1147.0
809 1147.0
810 1158.0
811 1158.0
812 1158.0
813 1190.0
814 1190.0
815 1190.0
816 1190.0
817 1190.0
818 1190.0
819 1228.0
820 1217.0
821 1220.0
822 1217.0
823 1234.0
824 1234.0
825 1234.0
826 1234.0
827 1234.0
828 1234.0
829 1234.0
830 1234.0
831 1234.0
832 1234.0
833 1257.0
834 1247.0
835 1219.0
836 1219.0
837 1219.0
838 1225.0
839 1234.0
840 1233.0
841 1242.0
842 1243.0
843 1237.0
844 1232.0
845 1232.0
846 1247.0
847 1257.0
848 1247.0
849 1244.0
850 1245.0
851 1261.0
852 1272.0
853 1265.0
854 1265.0
855 1265.0
856 1265.0
857 1289.0
858 1295.0
859 1293.0
860 1283.0
861 1282.0
862 1292.0
863 1293.0
864 1281.0
865 1281.0
866 1270.0
867 1270.0
868 1263.0
869 1270.0
870 1267.0
871 1269.0
872 1268.0
873 1269.0
874 1273.0
875 1259.0
876 1269.0
877 1267.0
878 1256.0
879 1253.0
880 1255.0
881 1258.0
882 1255.0
883 1262.0
884 1264.0
885 1264.0
886 1259.0
887 1252.0
888 1249.0
889 1249.0
890 1249.0
891 1265.0
892 1268.0
893 1272.0
894 1266.0
895 1267.0
896 1267.0
897 1267.0
898 1260.0
899 1253.0
900 1242.0
901 1246.0
902 1246.0
903 1229.0
904 1237.0
905 1241.0
906 1248.0
907 1249.0
908 1248.0
909 1253.0
910 1249.0
911 1249.0
912 1256.0
913 1247.0
914 1244.0
915 1252.0
916 1252.0
917 1252.0
918 1279.0
919 1279.0
920 1279.0
921 1279.0
922 1286.0
923 1286.0
924 1295.0
925 1287.0
926 1286.0
927 1274.0
928 1276.0
929 1271.0
930 1272.0
931 1274.0
932 1281.0
933 1275.0
934 1278.0
935 1252.0
936 1270.0
937 1269.0
938 1255.0
939 1258.0
940 1264.0
941 1266.0
942 1254.0
943 1246.0
944 1242.0
945 1242.0
946 1242.0
947 1242.0
948 1242.0
949 1242.0
950 1291.0
951 1288.0
952 1289.0
953 1281.0
954 1283.0
955 1283.0
956 1318.0
957 1309.0
958 1309.0
959 1296.0
960 1296.0
961 1311.0
962 1314.0
963 1314.0
964 1310.0
965 1312.0
966 1294.0
967 1277.0
968 1278.0
969 1266.0
970 1269.0
971 1265.0
972 1277.0
973 1278.0
974 1284.0
975 1271.0
976 1267.0
977 1254.0
978 1233.0
979 1224.0
980 1221.0
981 1218.0
982 1229.0
983 1226.0
984 1215.0
985 1209.0
986 1202.0
987 1191.0
988 1188.0
989 1174.0
990 1174.0
991 1184.0
992 1173.0
993 1170.0
994 1167.0
995 1164.0
996 1165.0
997 1165.0
998 1162.0
999 1167.0
